-1.276792498432546497e+00 3.258416194796771581e-01 3.788504371519270109e-01
-1.720385327657731445e+00 1.262733223382545233e+00 -5.286582817928742184e-02
-6.643767022075908191e-01 2.208710981445449750e-02 1.137425705986979674e-01
-2.023342594296370089e-01 9.410157938352451401e-01 4.942539672899389780e-01
1.333855929361512649e+00 2.039016050908425193e+00 3.552891457000671993e-01
-1.642113796701451189e+00 8.976936264811332666e-01 -4.405986672167848672e-01
1.739895809045628461e-01 -4.892381440879769450e-01 -1.970191787702630926e-01
-2.533256671023917939e-01 3.851129825295738218e-01 1.194236015812772056e+00
7.175904544774101002e-01 2.035621555159964347e-01 -1.382953823285211215e+00
4.039429553639549697e-01 8.686756717248524939e-01 4.501844125100836758e-01
-1.590450136488723576e+00 2.258075942691333715e+00 7.682528690293188856e-01
8.736855665658247450e-01 1.292418600187783984e+00 8.993816050845200305e-01
1.262111231689798663e+00 -2.537592990699362616e+00 -1.954175439120056534e+00
-4.762526772520688789e-01 -2.543527792202795901e+00 -2.410395093409660738e+00
7.684376025323906845e-01 -4.523227136073534327e-01 -5.717453641159717659e-01
-3.604089384542350505e-01 -1.185958482702049732e-01 4.038128012367094843e-01
-3.899548521293638714e-01 -1.256022727573715247e+00 -4.610992965363674978e-01
1.334235520359554839e+00 -2.255512335463507601e-01 2.732322035906641577e+00
-3.450608533026151559e-01 1.010323071457442490e+00 -1.852987307248079141e+00
6.616976126890954379e-01 -2.691707077690226768e+00 -2.183698077784733904e+00
-1.984322763171253667e+00 -2.800238674615592727e-01 -9.546557384238503197e-01
1.403967221286826828e+00 -1.835524648096480416e+00 1.396312674344492466e+00
1.914050182681439338e+00 1.860995498507145296e+00 1.143408801216841963e+00
4.636315356013172018e-01 -1.523286619964419053e+00 -1.252161363079772993e+00
4.464874351628926874e-01 -2.427076692534075875e-01 -4.937169897046753686e-01
2.812444146640732168e+00 3.284873691961197384e+00 1.144472364400789921e+00
9.022550948575851493e-01 -2.219770838843992067e+00 -1.775971659252135737e+00
-3.302885307165827067e-01 -1.481689492552373588e+00 -4.367083592371795442e-01
2.219071236029488414e-01 -2.715858542841489864e+00 -1.310877404094172416e+00
-5.016265271980233642e-01 3.226022673009195652e-01 -2.249113836876587502e+00
-5.132805107342248707e-01 1.271924253826226314e+00 1.079388209823627376e-01
1.604099016733317562e+00 -1.401680370170117262e+00 -1.242974274205659757e+00
9.505007864304828580e-01 -1.297106272667472027e+00 -2.998044447286152270e-02
5.080514255607635477e-01 1.790256431079062960e+00 -4.910884904949097685e-01
-9.712531465691118804e-01 9.716518985976714262e-01 -8.141063272779847093e-01
-1.180163993237411946e+00 1.582326693154870068e+00 5.302343618718231566e-01
9.980672117078565053e-01 -1.077613610132225563e+00 1.778749009396324965e+00
6.404839587650503763e-01 -6.230554459815951240e-01 1.000838688254385156e+00
6.466620290590825437e-01 9.044077131380667822e-02 -1.237249614351316751e-01
1.945023849663321647e+00 1.571759390312333027e+00 1.662250029232557491e+00
7.326120210580921999e-01 1.109765195943825278e+00 5.899106253465974392e-01
6.293390180953069013e-01 -1.302478368888337457e+00 9.744929783753101260e-01
-2.289440765623569796e+00 1.997628365393113281e+00 1.181842149106301587e+00
-1.087111391748080136e-01 -1.191657614488411010e+00 -1.042076210664306668e-01
6.121870660570818412e-01 5.163753561667143721e-01 9.032528274126097045e-01
7.612278930079021677e-01 -2.100001580664968781e+00 -2.382678589697423410e-01
5.558765894805475227e-01 -5.193189403581719432e-01 1.969605237800067910e+00
3.947219783570798946e-02 -2.113577150808829686e-01 -3.374809721191127210e+00
9.540421614196826772e-01 -3.813372533685716714e+00 -2.931364596655295696e+00
2.620558664710403995e-02 -7.709695760945622922e-02 1.789302731204081454e+00
-2.086929796513281588e-01 -3.381225676785403422e+00 7.837051026437077406e-01
1.636106824110878932e+00 -1.726382070286032411e+00 1.337617849424221905e-01
-9.147727688343112451e-01 1.130691676141063695e+00 -5.393896251484708859e-01
-6.831224631485888210e-02 -1.142770557443673063e-01 -2.413489386349603194e-01
-1.445509955111334843e+00 1.689121796688277666e+00 2.695011481192499669e-02
-5.858623633395112495e-01 -4.845357752858232558e-01 2.179616798141922995e+00
-2.004340004946031151e+00 -8.785752293034583271e-01 -2.402297299863581870e+00
-2.808453112136035656e-01 -1.878647434951564499e+00 -1.885387117306081661e+00
3.433045364264144972e+00 3.751216356119649209e+00 1.043351873952312214e+00
-8.773649756753116868e-01 1.579115071231401712e+00 -3.495756187298957318e-01
-5.819049759267955757e-01 1.199643810130897048e+00 -9.224788661168572546e-01
9.203630459543890030e-01 -7.738351335716316948e-01 -8.229164888649435072e-01
-2.771796891401745455e+00 -1.117899683825798629e+00 2.263440952420412877e+00
-7.564927133361702971e-01 -7.230729507521340693e-01 -2.105852437029253732e+00
-1.296954752110269560e+00 1.243072292430745129e+00 -1.291035848922857943e-01
1.848093606149426860e+00 1.646638701104793601e+00 -6.117063931186494941e-01
1.656037836676104380e+00 1.412672875032508824e+00 -2.268908328219789716e-01
9.991119768684318947e-01 -1.816202814283057521e+00 -1.447679694604453893e+00
-1.479506331346959414e+00 -4.183364547508261477e-02 -4.276963528807681270e-01
-2.497472212063637009e+00 1.984478805596220141e+00 1.407326621754129148e+00
-3.236227216229101256e+00 1.066245568258061827e+00 -6.356400349168740416e-01
3.194531034988430385e-01 5.111558190915308497e-01 9.959485614044230051e-01
1.185741732340339638e-01 -8.974554390324112063e-01 5.503186106031932034e-01
-6.387225491283347045e-01 2.145334393015967400e-01 1.188738400902176640e+00
7.097391555369491067e-01 4.385501846711770124e-01 -3.208908984732650183e-01
-9.132980779807429172e-01 -2.891776572503573783e-01 8.332829836920543354e-01
-1.341931553875922445e-01 -7.702181525603661871e-01 3.961748818722755638e-01
2.201377854639853027e+00 -1.104861549398254983e+00 -1.276932857593636506e+00
9.016949467633817994e-01 1.691982709670241336e+00 -6.968455352916798073e-01
1.485265025056104582e+00 -2.569151321302435953e+00 3.652006660984626896e-01
8.140141247123817703e-01 2.129014090032108619e-01 3.017938853302466473e-01
-1.630176876106111283e+00 1.548167836678189246e+00 1.494912141509762815e+00
2.322516125867219561e+00 -4.095052367361855516e+00 -1.079552175961810301e+00
1.561549486044785606e+00 -1.948736550414404078e+00 -2.601137952326690872e+00
-2.603187114636431598e-01 1.074277754890053949e-01 -2.644994121889755689e+00
1.553554593116010629e+00 2.012021816923000195e+00 5.755648357389513414e-01
-2.810271809406595711e+00 -4.734717143380786641e-01 2.652505776676034266e+00
-7.684584412645171225e-01 1.161506632254254656e+00 -7.396036783611504850e-01
-2.348520187446616170e+00 5.090608009997774630e-01 -1.328171520469041411e-01
-3.820992056166210293e-01 -2.627426947121823453e+00 -2.379080112922775214e+00
4.312434972645990960e-01 -8.583798019721866623e-01 1.106509769512338259e+00
3.380818436594252852e-01 -1.517763719893174823e+00 -4.792992283696860811e-01
-5.172420504748569403e-01 -1.331250417489621141e+00 -3.242934227169749217e-01
-4.518009514560401563e-01 3.501959063623861779e-01 -2.558870037733743885e+00
-6.546605722968652508e-01 -3.448486550152241037e-02 -2.490332313520061014e+00
-6.173949779952341288e-01 3.051958033331303444e-01 9.391554959672419045e-01
2.127843849727146797e+00 1.129767371546904986e+00 2.141620756968114492e+00
2.058029615728888206e+00 4.644458360547820686e-01 4.008797126629601859e-01
2.125145969239455868e-01 3.399699876932782416e-03 -6.129741510412500816e-02
-2.684330179352323320e-01 -6.134827448792679050e-03 5.154876408793076514e-01
-1.210848315989575985e+00 1.769565632304422653e+00 1.645450046401786048e+00
-1.196556798832130841e+00 1.378373048685444857e+00 -5.103239470053912985e-01
1.675117892168405564e+00 -1.700371283135754030e+00 2.602587913716332579e+00
8.780428726376033888e-01 2.327147365261771128e+00 -2.198636343968189966e-01
-6.897948440672443393e-01 -1.862104718483953647e+00 1.097790407585382377e+00
1.585935635566720237e+00 -1.715851012958094834e+00 1.033972046326440353e+00
-1.583795592016802312e+00 1.853979630671934498e+00 1.074439316311218917e+00
-1.731131619193708726e+00 1.557158022375023654e+00 6.935557906559151053e-01
4.128631662590813711e-01 -8.318133492906295556e-01 -3.276094928487116587e-02
-2.208866455382169747e+00 -9.621945348388172281e-02 -3.156665015802654350e-01
1.038386032012881266e+00 4.128966747727601527e-01 -1.318207447186805048e+00
-1.443199413813240461e+00 8.638474399968048001e-01 1.940033136233935807e+00
1.174786203541527962e+00 -1.641460787707604840e+00 1.593990875246079408e+00
1.250710127484338630e+00 4.073564505171816119e-01 1.799413566258538655e+00
-7.793797770047943274e-01 -3.130391319522169979e-01 1.674267701840437272e-01
-2.993308984064504408e+00 -1.669359652249218673e+00 2.671421692801541958e+00
-2.148283803459915653e+00 1.396840682667888300e+00 1.830513829723386054e+00
-3.956848627940083851e-01 1.152658189852899362e+00 1.577986782150922362e+00
2.031070739813019443e+00 1.693089942098825684e+00 1.601823451267323062e+00
-2.097624253473373557e-03 8.022833534671267586e-01 4.000020416201431894e-01
8.901026594238565792e-01 -7.874024066866014415e-02 2.351729700805121226e+00
1.499415773511719951e+00 8.256684223711509008e-01 1.673513937710182642e+00
7.456628952778837638e-01 -7.370187126966802893e-01 2.675899800809180107e+00
1.050100863883837388e+00 1.077123887632883026e+00 -2.871020682127563006e-01
-5.067104678542437846e-01 -1.942058795826612227e-01 -1.516647254904708308e-01
-3.445516440216186416e-01 5.585977100419097230e-01 -2.472415583820421148e+00
1.873229535858058181e+00 -1.026630593394277202e+00 -1.653493526599532082e+00
3.024937831777914532e+00 1.912207526508681310e+00 -6.948464712400435062e-01
-2.102313737897854473e+00 -1.783013167175246716e+00 -3.874013831691476284e+00
2.065437582342168454e+00 1.868744298334203746e+00 1.361516025658664919e+00
5.752806140363526666e-01 -3.026141525943910615e-01 -9.210947061003471603e-02
-1.329653425384540455e-01 -1.287395943714607638e+00 3.596831999091241183e-01
8.301183067893626033e-01 -5.469231099540992069e-01 -1.241328635539970637e+00
8.576290625224687325e-01 7.353463085840259428e-01 -1.585894908372567969e+00
-1.229802580718469818e+00 -7.202491328836664319e-01 -4.270172916614527470e-01
1.060857605957456151e+00 -4.768953626144281088e-01 1.907482120838063899e+00
-2.521414279992241436e+00 -1.601197120815404773e+00 2.548362686523798715e+00
-6.168373791761663227e-01 -5.516044995697868547e-01 3.240795079726892514e-01
1.401336850519653288e+00 -1.000901203629064096e+00 -1.243219045097421871e+00
-1.027247741680214821e+00 7.259645554386157107e-01 -9.119031344750010426e-01
-6.047335760713675734e-01 -2.029507728095856223e+00 -8.280300430040208326e-01
1.374581336706533818e+00 -2.133384451931406467e+00 1.220439720585929200e+00
9.542485159000215766e-01 -2.447672569533718701e-01 1.315815126251573153e+00
1.929791807335786924e+00 1.792457815317261005e+00 -9.644193445858519897e-01
1.671873808067472211e+00 1.123037089790683840e+00 -1.164888134537473752e+00
-9.592688225056145157e-01 -1.867162436090567201e+00 9.821846777573531861e-01
8.999249601504546447e-01 -3.214327315117783357e+00 -2.225121540229078043e+00
1.168566196861994255e-01 1.119620783240372397e+00 2.538939891275222571e-01
-8.477428903782345815e-01 -1.270507645754117121e+00 -1.668101791715722371e+00
-2.545817726908464529e+00 -3.044943349802259114e+00 2.659476632297118393e+00
2.347228620675863908e+00 -2.562380439936630339e+00 -2.696758339257829373e+00
-3.693386467321983613e+00 -2.990709440224266658e+00 4.296402108535033904e+00
2.733547909236459628e+00 2.311919538576696631e+00 2.546508977573487265e-01
-8.023940286005442069e-01 7.482804926150234959e-01 -1.799167461242695332e+00
-1.781258561905696425e-03 2.637307099390137077e-01 -1.444541549968450189e+00
-2.567769282613019399e+00 2.915942609118477247e+00 1.818225956036876312e-01
-7.170241057490138736e-01 -1.424696997180962210e+00 7.137391891816421419e-01
2.304090888073110577e+00 2.254188637849699361e+00 1.523608424699767205e+00
8.156771192451017782e-02 -1.542515296257358060e+00 -3.854066499585978578e-01
-5.546206241269006076e-01 -9.419177749676554967e-02 -1.785075733151679778e-01
2.061884645739231470e-02 -4.367007441214050267e-01 -2.654950438543554281e+00
1.098947599245267970e+00 -4.204205643738401221e+00 -3.412250208370252835e+00
1.326456062680158698e+00 1.113140353153154072e+00 -6.771546349423644973e-01
-1.041845638236137628e+00 -1.577868652377207415e+00 -1.935894961940685333e+00
-3.052785811454746145e+00 3.186413232976276433e+00 1.320970200194585331e+00
-3.239325202967857642e+00 -3.707092318463179659e+00 3.057514975799297652e+00
-7.583338398288763660e-01 2.909093174313439611e-01 -2.310947972398258443e+00
-1.460225343988080793e+00 1.421322071963853073e+00 6.425797630796470372e-02
6.396895082625932982e-01 -2.034900772095293409e+00 2.406378270348723092e+00
-1.718207763361640161e+00 -1.297725401793347721e+00 1.731259747737897481e+00
-2.192290715488466990e+00 1.537716880971379041e+00 1.132784923984865522e+00
-1.278674058955134862e-01 -2.477349063447297439e+00 -1.947956521814850905e+00
-1.827716508308097954e+00 -4.567083052456342163e-01 -1.528198845166307773e+00
3.763499679307538148e-01 1.944847801661011566e+00 -4.761921342262729340e-01
1.564195869345688106e+00 -1.216715898649234573e+00 -1.961117565896808301e-02
5.293337361677961095e-01 -3.270573456180699168e+00 -2.026397570575121154e+00
-7.446001789845591023e-01 2.265550177271383525e+00 -3.846326555261783131e-01
1.883267670678960171e+00 2.086349810119256354e+00 2.077242024137060383e-03
9.928672723351299467e-01 -2.537624949324083001e+00 -2.294863662378741509e+00
3.031913145140447519e+00 3.096931300719673708e+00 -3.167487811421886290e-01
-4.113879782157501275e-01 4.770863111071123042e-01 -2.184897837222657735e+00
7.488870589318710191e-01 -8.479259475805975832e-01 1.344214965716618915e+00
6.977285869607151580e-01 -7.529566067859702061e-01 -9.714489776583558056e-01
1.474267467407202048e-01 -9.266181867708704889e-01 -1.230448294359949291e-01
-1.715257720364795624e+00 -1.201592300023897941e+00 1.371081049483771519e+00
-8.934634567300174801e-01 5.687090401465555445e-02 4.483159108796850312e-01
-4.418527603559148087e-01 4.037994079644640077e-01 3.760393460486426420e-01
9.254016158092830402e-01 -2.220378455534711470e+00 -8.919882851081173403e-01
-1.250037894806457217e-01 -2.914882864532656992e+00 7.254519555354823623e-01
-3.248783073488984652e+00 1.611611485559980572e+00 -3.244290671245821933e-01
-8.605298890204015061e-01 1.685043484143000647e-02 6.854455270332362460e-01
8.450202773045922822e-02 -3.076852726643035663e-01 -1.935365115856924945e+00
1.132483831785108919e+00 2.466870972278269569e+00 -3.548921971603158365e-01
-1.380610794406949449e+00 7.793898136888756101e-01 -9.279367351485082738e-01
-1.076052064723266977e+00 1.996292751633148566e-01 2.016798272998139296e+00
-1.907114135489427653e+00 1.424612365885922438e+00 1.890656642316415059e-01
-8.378941321152537647e-01 -1.269415996967572013e+00 -1.285318375035456429e+00
8.367613553255639491e-01 -7.866214382719787235e-01 -1.058206979443364171e+00
-1.920891134856161253e+00 -2.943306786660607965e+00 1.717086123280037180e+00
3.988622337593872302e-01 2.263423496501351107e-01 6.444917956748680288e-01
2.471153013128506437e-01 4.029638070550687345e-01 -1.262503421357856759e-01
2.687372055408010496e-02 1.032104971644245417e+00 -1.296204595433305684e-01
9.743087217997400407e-01 5.223365318408244029e-01 3.696398943726519892e-01
1.043450996991921897e+00 -9.363218965320513343e-01 2.455946718322994382e-01
2.403503702014789134e+00 1.209741174962322585e+00 -1.551684624642571286e+00
-2.319060117403060062e-02 7.160895117752054118e-01 -8.500858552763923548e-02
-5.908293276295626395e-01 3.403759288754089063e-01 6.213250566611505654e-01
6.637252700199635091e-01 -1.897895231978190544e+00 -1.482875867725012231e+00
-5.082775855223156114e-01 3.237320592879034953e-01 -2.461246953303516172e+00
-3.245766362007482364e+00 -2.175159576817936591e-01 2.729731270056636294e+00
-8.606845072767606020e-01 -1.571902922941215364e+00 1.545469998833518321e+00
-1.021193837655735015e-01 -3.685595467769003930e-01 6.421873019627266643e-01
6.369079520893951019e-01 1.104743806766954828e+00 -4.237326185951153512e-01
-2.396085855330732928e-01 3.556857778173792006e-01 -2.609332053098793125e+00
3.323457689647267621e+00 2.240687969149556480e+00 2.532802540495318500e+00
1.121323061892644191e+00 -1.165953790672183743e+00 -2.733962439238188935e-01
-3.391655473454858738e-01 -1.404451891876105751e+00 -1.160339023456560703e+00
-4.478040085319211494e-01 7.243991658079256268e-01 1.831071283124419136e-01
2.934280065166564366e+00 1.858532530289998874e+00 2.500351476546948337e+00
3.698579629793923296e-01 -5.088412649622315875e-01 1.449643504089972890e+00
-1.553128498966663606e+00 -1.048066270169860648e+00 -2.119517758041740585e+00
7.125643984640386286e-01 -3.508062803450828770e-02 1.254551195224587135e+00
-1.490749496603356095e+00 -4.984170774202562049e-01 1.599430896198575702e+00
-2.293429237057609704e+00 2.551369308563958160e+00 1.350997099546784153e+00
-1.303965673668185943e+00 1.319113471964859841e+00 -4.956892394475332919e-01
1.855051380220404056e+00 1.491422643461860709e+00 -5.876022674471171880e-01
-2.697011024095862020e+00 -2.905020166375951174e-01 -1.211847389667683350e+00
-3.858128963342749573e-01 5.748551255290244022e-01 -2.178892195332684079e+00
-1.500521666676938093e+00 2.038593711389695251e+00 5.990898518655016769e-01
3.049374446701131891e-01 -1.591289105245179858e+00 -5.545546546889056350e-01
-1.723518229397229540e+00 -2.128951417725593487e+00 1.947090771345149296e+00
4.231977230306529503e-01 -2.703697485355500696e-01 1.387213944787645481e+00
1.050465819381871668e-01 -4.970782145792752571e-01 1.665760458168671354e-01
-9.131344357880090135e-01 -6.333680807699462179e-01 8.903028382817260722e-01
1.291395689452632389e+00 -1.583609865021070373e+00 2.096786525563990811e+00
-3.114098273010732498e-01 -1.406836321736679718e-01 3.540210185029304402e-01
8.201656283526074231e-01 -9.843390623062074907e-01 1.212981826585428857e+00
-3.107673699365659292e+00 3.910730064028855146e+00 -3.804511752058528096e-01
-3.700479211966368753e-01 3.147384094275562649e-02 -3.049803112459764876e+00
1.073743100767207359e+00 -1.377972437580199827e+00 1.158444713211333132e+00
-1.954141869344103721e-01 -4.715142424181755221e-01 -5.140902970877236910e-02
1.695259248676003860e+00 1.637918362410776041e+00 -1.063304907171949143e-01
7.498216336795985315e-01 -1.268209079760532987e+00 -1.375791620554332351e+00
-2.147425785746621685e-01 -2.638059926783868026e+00 -1.856074146214254483e+00
8.762851975069653188e-01 -9.397444018231531082e-01 -6.966155595078944440e-01
-6.911939193741896137e-01 -2.072213684593692040e+00 8.956153906429545897e-01
1.151829940126303686e+00 -9.527634286321740031e-02 -3.064236115075760214e-01
-5.325956228476358412e-01 -3.157271666419647183e+00 -2.521823923362044084e+00
2.766244684000841225e+00 -3.479313340384566633e+00 2.491104786470977217e+00
-1.506584386127992392e+00 1.164233497377920035e+00 -6.977856088731471118e-02
-1.307582076745219757e+00 9.344162467701409014e-01 -7.841001363438950822e-01
-1.550848925417656066e+00 1.736577763940857055e+00 1.502228757020824590e+00
-5.323566366832082064e-01 1.690558592194091325e-02 1.297161316047659163e+00
1.754972255063698139e+00 1.092116132400592576e+00 -7.721782865535132823e-01
5.140892072992983008e-01 1.198685730731360088e+00 3.298683150596990465e-01
-6.262763324222115902e-01 -2.690706518926405444e+00 6.086711610909860681e-01
1.337869155446217651e+00 -1.593925425702495513e+00 2.096462975497673131e+00
-3.196804399174051792e+00 -2.581437253022266454e+00 3.020368920963964587e+00
-1.302204744361258326e+00 -7.860329819380864613e-01 -1.078306143284097018e+00
2.495231490413062581e+00 1.713859085410311067e+00 -9.282957131999660660e-01
-1.198917362449035240e+00 -2.136493409843738256e+00 1.591964845818862884e+00
2.481637624709888135e-01 -8.561497208679744730e-01 2.170137005181737244e+00
-2.945687390613658252e-01 -1.843860937510935383e+00 5.735421953027785014e-01
-5.549546300600982640e-02 -1.896576394084409589e+00 -1.893288529917972252e+00
2.857777322971521983e-01 1.538646425046907851e-01 1.522101959539861049e+00
-3.192724463826455139e-01 1.470226137545149081e+00 -1.029586893829558480e+00
6.535342243875029711e-01 -8.279103038223827316e-01 1.636632707651203500e+00
2.371480564684965486e+00 8.632305266449549208e-01 -1.125025189318578978e+00
-5.779889529963379013e-01 6.685396774368913553e-01 -1.523944209120929427e+00
-6.097869135030171694e-01 -3.933051229663038217e-01 -6.715075239094816517e-01
-3.176225612823859734e-01 2.227532967052699986e-01 -2.775316531255802133e+00
3.743932102461838163e+00 3.681565962645851453e+00 7.096250958472880566e-01
-5.601514346523136512e-01 -1.404810326590471004e+00 -1.099901623132588435e+00
-7.412843475996758746e-01 -3.667086935004946202e-01 1.333001709531077106e+00
9.189922182686188767e-01 1.136288809274614842e+00 -2.150006448790342528e-01
1.592882937924544606e-02 1.779387254253511186e+00 -9.609105442908805195e-01
-1.153256298458495976e-01 -8.103766951411934816e-01 -9.266856134900882669e-01
-5.339397940540733245e-01 1.235582966566949770e+00 -9.167023732585284357e-01
-1.583728188600067366e+00 -6.378234410635152951e-01 -3.707634743245680209e-02
-1.366836420385180384e+00 -5.443882974013202203e-01 -4.518881714173306197e-02
3.797339268934190049e-01 -2.669802529520458823e+00 -7.906169927687060062e-01
2.936574309673813499e+00 1.994513118995322909e+00 2.101582826705323370e+00
-1.101155964722666525e+00 1.309346491278438496e+00 -1.062327089350892040e+00
-2.224692681581760922e+00 2.250663244220738157e+00 9.587660332517442541e-01
1.135831445663626482e+00 -4.431793704719282356e-01 7.304744122641537718e-01
5.503711526468086923e-01 2.128000242364662675e-01 -4.459979775510745093e-01
-8.024919369279182035e-01 1.169341977332464921e+00 -7.732017356742254544e-01
-2.839301545754997491e+00 -9.301818206680979584e-01 2.742654020533251469e+00
6.237332995943256631e-01 -5.366560811266851694e-03 1.201474731683628505e+00
7.445037720548561833e-01 -2.018480833619299641e+00 -1.245656021833894123e-01
-8.868325669510790377e-01 7.527682158562425396e-01 1.905959163266515155e+00
-3.777108425830997707e+00 3.069003737001074761e-01 2.580786684149026122e+00
-3.017146625297066453e+00 -1.078384898883556486e+00 3.005961100050372092e+00
-1.044483324357427412e+00 1.224115963474155411e+00 1.426200888720406290e+00
-7.602443933881271043e-01 -6.839676783559704987e-01 5.316377347543852494e-01
-3.396029928570469369e+00 -5.524351831124041379e-02 -3.201531850677631130e+00
-1.671517571998490936e-01 -5.274462192913969005e-01 1.290688568314420026e+00
2.064845590652049090e-01 2.815444093070751386e-01 -1.599396502740813020e+00
6.654296140975053397e-01 -1.501347739390977765e+00 1.901633955164566014e+00
1.171761059259081028e+00 -8.883043380022550561e-01 8.505445617170381833e-01
-2.607654011150202678e+00 -2.185411776223850744e+00 2.922803536736038765e+00
-9.414535435279481890e-01 2.475577954852918872e+00 -4.290067709005953578e-01
-8.862348947899179041e-01 9.903710593734785794e-01 -1.073984278868899356e+00
6.196512463029351103e-01 -4.500039404251909847e-01 -2.794526230733577199e-01
-1.330684962604852695e+00 -2.921563692026783787e+00 1.775315350257938407e+00
5.152672690368733655e-01 -9.299323772975461866e-01 -1.059465690299046692e+00
1.101716801539891488e-01 -6.424462727043822596e-01 1.256632135593216848e+00
-2.473347387898101601e-01 -3.417047465455309574e-01 -1.265840602768240952e+00
-7.805045557555473357e-01 9.179937514849801916e-01 2.397044115006499165e-01
1.809480107049370012e+00 4.268696172211196682e+00 -2.149330327832254639e+00
3.565436784322899566e-01 -5.879976808867661831e-01 -3.361472842840010911e-01
9.161395469806222769e-01 6.455871144551564855e-01 -1.614203669822720233e+00
-1.664710606621893518e+00 1.087276327516046859e+00 -1.429663065267873234e-01
-2.060140114537443168e+00 -1.153256658600236850e-01 -2.343542265097993571e+00
2.930911634619552952e-01 -6.683884647216715713e-01 1.080111891968785542e+00
-3.119860080970049854e+00 3.845576411819875418e-01 -1.483441408478887169e+00
-1.000786570473421344e+00 -1.325619917660034286e+00 6.277884009616172545e-01
2.198159544955216038e-01 1.170030089787886585e+00 -3.637863561629517406e-02
-5.329911900378125900e-02 -7.643644404069382947e-01 6.085293034969008197e-01
1.802418970590853986e+00 1.637968605070282191e+00 -8.946366450798568515e-01
-5.673113515843786203e-02 1.064266281949300730e+00 -1.151783517285668745e+00
1.604868254473325928e+00 9.024086461768130452e-01 1.690397617903866223e+00
-5.177425571756406608e-01 4.549242744837185271e-01 -1.300229859537256338e-01
5.058675462552912894e-01 1.067094643687154232e-01 5.870927210636942561e-01
-8.513554775963604326e-01 -2.275034052877076718e+00 -2.457737977273934948e+00
1.213321824864447063e+00 7.366970377043065010e-01 8.631100889916891727e-01
1.284125667752969102e+00 1.795671000033739251e+00 1.240472845281288539e-01
9.524726023867017277e-01 -1.068104692086451646e+00 6.554215894007962007e-01
1.274444021307523656e-01 1.152343337735266982e+00 -1.443223139283622558e-02
-1.633888958963797045e+00 -2.190793331904334895e-01 1.486235115049241884e+00
9.575484358186979739e-01 -4.571176679083021055e-01 -4.719768279256317811e-01
-6.411542788927990788e-01 -4.994968657217209174e-01 -4.088060878821120347e-02
2.381321573309380657e-01 1.485472669361232345e+00 -2.017112270141516728e-01
1.519977062827106540e+00 1.091534811608274813e+00 -4.463521853353299429e-01
-7.640377538536327062e-01 7.615170383279734612e-01 1.880165329051477041e+00
-1.828703017890497939e+00 -3.653366827666313377e+00 2.342620813097376242e+00
-1.347938054515253947e+00 8.112233807302052790e-01 -8.646094565522779440e-01
-9.565153708807694333e-01 -5.572240155557031116e-01 2.076630476078388021e+00
-5.375575836029022891e-01 -9.564553403733095926e-01 -3.487730891020162094e+00
-2.355937189830670242e-01 -4.886460920069719549e-01 -2.136755004641908595e+00
-1.003834443038552182e+00 1.699759251203681876e+00 -2.790465621402210550e-01
-2.047107143131378093e-01 8.035889613970003120e-01 1.270598250789921835e+00
-1.996889335346566652e-01 -5.198908282985290619e-01 2.364008081219828306e+00
-1.884016569224614024e+00 -6.051824723751264568e-01 1.773364656315033816e+00
-2.572629475376944086e+00 2.502203660848169697e+00 9.241326890055445720e-02
-7.143059067229244885e-01 -9.229107057316043861e-02 4.269661911052072822e-01
-9.015766204413938611e-01 5.899753391666140434e-01 -1.274959200993410091e+00
4.703074676556107114e-02 -4.238645461381665980e-01 1.585661248383336552e-01
8.174423260301854066e-01 -2.958307530014516296e+00 -2.312235184990449000e+00
-8.512835135242886597e-01 -1.043473764024673622e+00 -6.723617012126956727e-01
8.825563701614298484e-01 -4.242158948991230361e-01 -1.049780031471803987e+00
-7.912340964712915037e-01 -1.398020744331990972e+00 2.849597107224032477e+00
8.019291486225637033e-01 -2.011566053081515815e+00 -1.666929404418856508e+00
-1.543738180068376042e+00 6.629615856284268860e-01 -6.213365740584197994e-01
-7.051363842746258825e-01 9.315112337885282923e-01 -1.252034455108026023e+00
-1.691250492887014234e+00 -1.215132867405536166e-01 1.354241515390962602e+00
6.338255568692900965e-01 -1.175978610950359160e+00 3.321736598159996667e-01
-1.439240252274707199e-01 -3.814427672231447408e-01 -1.082852190309741669e+00
2.893522357122542132e+00 2.719130831330359044e+00 1.645599738440364668e+00
-2.179895563589465457e+00 2.860073538257339898e+00 -3.767532444149710447e-01
1.793679100790447123e+00 1.515793230166685657e+00 1.227959542945857407e+00
-1.369008678801965306e+00 1.893456026429050754e+00 3.349444878658200953e-01
-2.454653390659053969e+00 4.525455014152868216e-01 2.568638530543372767e+00
9.967594526167344871e-01 2.420769386572378945e-01 -1.166570179489908821e+00
-2.183873607209823042e+00 2.144427590031756647e+00 7.597593189704463512e-01
1.057074547180093527e+00 1.436839785112970835e+00 -1.553449674996141283e-01
-8.706888483458172789e-01 9.355669421635244287e-01 -1.382199447181924556e+00
-6.912819891691242002e-01 6.330555260158661213e-01 6.362625147747754673e-01
2.623068428041241962e+00 -2.346038906248027800e+00 7.671535232732692444e-01
2.224248573053068112e-01 -7.218300966199753255e-02 -2.034224298600084246e+00
-1.036288324034801978e+00 2.644403736604483690e-01 -1.340386732219738475e+00
6.369480984084606723e-01 6.444532499251465207e-01 -7.430246539553637675e-01
-3.882985011433722100e+00 -1.362475622371017048e+00 2.955234429741981028e+00
1.291970265247676775e+00 -2.239981329884957795e+00 2.078808162782032065e-01
-1.047018537611418942e+00 -6.841620222626454417e-01 -5.159619499095167150e-01
-1.139106754896827667e+00 1.616175511653785479e+00 5.366894870654269623e-01
1.013367095894483150e+00 1.525654498877901499e+00 3.714905258324107118e-01
-1.350181043640445333e+00 9.892620233116466988e-01 1.721006245515510624e+00
3.207800375515041491e+00 2.466365840655243780e+00 -2.614253202656261488e-01
1.479460496119426871e-01 -2.224162281055029666e+00 -1.083323530707779536e+00
1.602565759630499187e+00 9.155436219930930264e-01 -9.378548579350464154e-01
-1.210793364677261508e+00 -2.168296380210408270e-01 -2.616513736178068150e+00
-6.019534788937819236e-01 -5.039100427252516390e-01 -5.242543898106051259e-01
2.970709207313874112e-01 -9.857841767387521825e-01 -4.069144511989249979e-01
1.235775099979371516e+00 -1.254330684429748377e+00 1.541530669096470074e+00
1.059383835226675785e+00 2.450063811309168837e-01 2.095126019600391132e+00
-1.118924554811730809e+00 -4.633910593109786813e-01 -6.695413569526518227e-01
9.913941982108640527e-01 3.314715252087624409e-01 1.747910327918866358e+00
-7.036925629309109809e-02 1.079107336000927564e+00 -1.539488246514180148e-01
-1.373360880293945208e+00 1.254186039676508768e+00 -2.237574303933389519e-01
2.343918561566066927e+00 1.488143860185198397e+00 -6.633698001268963917e-01
-1.330672521118328344e+00 5.380468836561069779e-01 -1.576646274394213121e+00
1.145095551741548201e+00 -1.212561129364403412e+00 1.284381896342698948e+00
-2.303421907840811578e+00 2.069952704020545653e+00 1.695646494188950193e+00
1.419595011483653746e+00 -1.387863275027056309e+00 9.569023743588450648e-01
-4.302116871843568724e-01 -7.919699952230518925e-01 2.579812580335653083e-01
1.232624830464267296e+00 1.777166599716457629e-01 2.034049170066480894e+00
-3.851731949197523264e-02 -2.376944740508999399e+00 -1.375903055590462998e+00
9.440736759255080601e-01 -4.215635993056006114e-01 -5.568604015180114164e-01
2.535411033823247173e+00 1.952878356430844731e+00 2.141603062870058860e-01
3.143241625011614637e-01 1.216925453278705493e-02 1.113383185394734021e+00
-2.756786724291201418e-01 -1.546734415549190444e+00 -6.748991008859148710e-01
-1.994397375196104161e-01 -2.161014720883902562e+00 2.450197132054438010e-01
5.675331099220654041e-01 2.002880727663908900e+00 -4.364210029637998201e-01
-4.652597882421152242e-01 -2.764291710555887294e-01 6.454556929786106068e-01
2.392066521912547650e+00 -2.336412700670917886e+00 -3.256418405555220108e+00
5.359700063444491347e-01 -4.225775120581912736e-01 2.316400766508045495e-01
-2.084701034352393068e-01 -1.392025158541021490e-02 1.457426026417022458e+00
-1.692162047629141686e+00 -4.464033115892589443e-01 -1.216619029749780534e+00
1.979769641887782594e+00 8.467881081746398975e-01 -1.572467752322249890e+00
8.868095382127939574e-01 1.041126724814319893e+00 -1.174271134595803456e+00
6.143979666025074504e-01 -3.599812379699796061e-01 1.405566410217565565e+00
4.985656546749507312e-01 -6.703418059105986648e-01 6.419010670045803835e-01
-3.967078030953823387e-01 -2.738772646258510468e-01 5.639185999096316682e-01
-4.678424450787260769e-01 9.447567747030176655e-01 6.701143813365630919e-01
9.535439934323529654e-01 -2.203829561356045463e-01 -6.157537134154960068e-01
2.387575449852017417e-01 -7.569398439718010296e-01 6.570415557464910350e-01
-5.775210941376818230e-01 7.265869908369051444e-01 -1.439237562378066215e+00
-7.040925881709146905e-01 1.039740247624541869e+00 -1.059027517003200636e+00
1.986663771486857577e+00 -2.024249440961531032e+00 2.128173297408472830e+00
1.010630146705989274e+00 -4.459698276627629410e-01 2.868547434401865992e+00
4.072283583262168438e-01 -1.083707087589333318e+00 1.939695203614655306e-01
-1.448531694285085214e+00 1.361596270949234633e+00 1.510197359476540768e+00
6.412479836746982631e-01 -2.082980281664523758e+00 -1.743364453808432746e+00
-9.329325344434695744e-01 -9.738029474838794108e-01 6.644359105717937419e-01
8.842557611885281110e-01 1.174921219563159092e+00 -9.758688092696958805e-01
1.385312736699343628e+00 4.632925963456955287e-01 -3.442549225801128099e-02
4.807185034634841037e-01 7.155834242455253458e-01 -1.449779533216586147e+00
-9.360562783643011642e-01 6.162507327789055189e-01 -1.043078137520743187e+00
1.167730058348542599e+00 -1.036203776695371337e+00 9.637279236068571064e-01
-2.446639317936862845e-01 -5.593695671456375695e-01 2.242424370861254346e+00
-3.153656355102180120e-01 1.394105929099813679e-01 1.677464361654649405e+00
3.651705662575506217e-01 1.792963733497724199e+00 -4.341760692854566006e-01
-8.357067121547508970e-01 1.299512673943165275e+00 -9.346155396906231649e-01
2.522533335880259742e+00 3.633681735653499167e+00 7.169726136488852042e-01
7.633960389408931402e-01 -3.004895962342345461e-01 9.157330525469675742e-01
9.042242908792053058e-01 -1.875316410757147167e+00 -1.902656360951797687e+00
-4.968362876569596409e-01 3.803115721199185062e-01 -9.464717361435615040e-02
-2.164593032777009540e+00 7.252484268170251713e-01 -1.515814223779186065e-01
6.770916970727584028e-01 1.730158672717021728e+00 -1.005877656939342391e-01
-1.429395846823714677e+00 -6.451618149479646513e-01 -2.401104539481380140e-01
-3.634578206535903355e-01 2.036399687623199561e+00 -1.498281820510110496e+00
-1.775736454933759312e+00 -1.992424738162947406e+00 1.818692676343365733e+00
1.000382319070675985e+00 -1.073726225799783718e+00 1.272801043713286395e+00
4.911255965214712527e-01 3.339710607126887831e-01 -1.777842548595315320e+00
1.788521089132647290e+00 1.932107021281980863e+00 1.073329226257198510e+00
-5.159935581321287712e-01 5.859424942990882901e-01 -2.403570099534737103e+00
-1.841141924753364911e+00 3.249089356745308077e+00 7.774847593285283409e-03
1.276040629914202640e+00 -1.536880950506275045e+00 2.475307240027246891e+00
-1.319276235835247224e-01 -1.704492684880693831e+00 -6.389835902728105976e-01
3.906877993384098025e-01 -3.440969504206460305e-01 9.260027637892653818e-01
9.295835900664027873e-01 -2.608788269186868014e-02 2.202114027685797559e+00
4.705039708964683376e-01 -8.877745646228625276e-01 1.247064670205733750e+00
2.895584462604655407e+00 2.888796954160596897e+00 1.243006841067890278e+00
3.097777413833465721e-01 -7.626153190048365893e-01 5.114219943511227884e-01
1.293421605914401251e+00 -1.732179649153909207e+00 1.911967350085127304e+00
-7.830176207707939540e-01 2.096435599389756543e+00 3.766533757920406122e-01
-7.467592750804421531e-01 5.214502447809604702e-01 -1.746186310593888846e+00
-2.840997696491644131e+00 3.374986221111315743e-01 -1.516191820909207344e+00
8.940147373151031696e-01 1.283976616272333837e+00 -9.909298414664925447e-01
6.309841081828170273e-01 1.076225822224238238e+00 1.857379461768428053e-01
-1.374565459582682836e+00 2.790081770579597720e-01 3.108148172704456869e-01
1.513061679267532433e+00 -5.026757755293255192e-01 1.695608637713599709e+00
1.217463166464494817e+00 5.201025141671586915e-01 1.668619134215878486e+00
4.536809571142774722e-01 6.840368615110079542e-01 4.991593375461154114e-01
2.230605865470058458e+00 1.444563222730529839e+00 2.015117324363373097e+00
-2.018249544240084958e+00 -4.227966671121102804e-01 -8.564083452109108041e-01
1.077789326992529384e+00 1.704375681543513377e+00 -2.369352939617742626e-01
1.362369913982645953e+00 3.544961593276609868e-01 -1.646139846564251163e+00
-2.072743389888771048e+00 -8.373439659121048040e-01 -1.557975571841927254e+00
1.140009824577272513e+00 3.597357233536080390e-02 -2.267945944930673363e+00
-2.412919513744450573e+00 2.203795210576957597e+00 2.517451323158764520e+00
-1.797285919247897823e+00 1.040733733925743199e+00 9.040909604859195259e-01
3.751170983832479155e-01 -1.467099377652376413e+00 -5.768998447051967293e-01
1.450822906337661866e+00 1.235128438761578407e+00 1.157966494012169001e+00
-1.834769859232469935e+00 1.161238357626060314e+00 1.686821179017236716e+00
1.586008146204000990e+00 -2.725679215668949773e+00 3.777742561238448094e+00
-4.211892896828239863e-02 -1.210610838886040375e-01 1.277495240159559620e-01
-1.394335001463329338e+00 1.447665610488416910e+00 1.784477917975701988e-01
2.194191921435292514e+00 1.529843301149630186e+00 -1.406826197550591573e+00
-1.685988792555534577e+00 2.331655010859362331e+00 1.545331043017114325e+00
-1.690666208688138994e+00 -1.243768885404550995e+00 1.966073901318940997e+00
-1.706982370489189549e+00 -3.941226619029449374e+00 1.951570540979028490e+00
1.260713394252552799e-01 3.619952284528452635e-01 -1.433689085344566516e+00
-1.131110790083191153e+00 -2.347580960376236980e+00 1.753281298210772388e+00
1.122521074557488285e+00 -1.156891695129598219e-01 9.297122672950560718e-01
-9.262067120535764086e-01 8.731845877371814391e-01 -1.441901403447839902e+00
1.123660012327418745e-01 1.030571349044798080e+00 -1.289765843921812927e-01
1.494905588172737776e+00 -1.450044819924689588e+00 2.033168742689636321e+00
1.466734130535303215e-01 -6.732443573205871834e-01 -2.483894536855374424e-01
-1.055918910639739972e+00 1.168868727927648399e+00 -7.148895820082495911e-01
2.073941302536627340e+00 1.401796099695365339e+00 -7.842941278662375337e-01
-8.420279413759461651e-01 1.108472846930978806e+00 -1.136344347737694216e+00
1.149018686156054514e+00 -1.214716897962037967e+00 -7.183057188229020618e-01
-1.677861942472224976e+00 2.407880330898551691e+00 1.832904597899198240e+00
1.967716134036833431e+00 -7.937999676083559164e-01 9.949613945797165515e-01
5.477759672645776678e-01 -6.662453825766481152e-01 2.118641207078515443e+00
2.115401993551401016e+00 2.180794780312195869e+00 1.115767004747039604e+00
3.014925810317488075e+00 3.460480013632120322e+00 3.533667005736662592e-01
9.113091246204592100e-01 1.564057916881690380e+00 -1.468368334938918718e-01
2.480629237257225839e+00 2.339310037967417433e+00 1.418267236310797097e+00
-1.967832075156595195e+00 4.287097872673513166e-01 -3.450539101884224635e-01
-1.531225484988838925e+00 1.381169286992406597e+00 1.155322994295716388e+00
-1.651809649953017711e-02 3.386291195745058102e-01 3.320622362881145984e-01
-9.061756855406486455e-01 -9.402825639886637221e-01 9.650106314648924100e-01
-1.003780698314553854e+00 6.031292574832369802e-01 -1.225963940852631717e+00
1.869789666630219838e+00 4.965610198715850743e-01 -7.005784672084005571e-01
4.887227766688186925e-01 -1.089616223531659767e+00 1.024413015801195703e+00
-1.491030612429106395e+00 -1.631610239101629611e+00 1.462919159940331282e+00
-1.418499285925802766e-01 -5.222258893438836980e-01 -2.629295390731478665e-02
-6.642487327423407528e-01 -5.157923835047113492e-01 2.416347470116328999e-01
-2.630352747532754165e+00 -2.166336809504265659e-02 2.007500059226449807e+00
-2.742117413562125350e+00 4.675335705914229756e-01 -9.724484098812303801e-01
1.078977040272167454e+00 1.289480493951040030e+00 -9.864186488952270127e-01
-2.127634275370775541e+00 2.005081946625069556e+00 1.661526485090224714e+00
1.258305386153642846e+00 4.091399230906207496e-01 -2.105402114898824451e-02
1.184454811235102545e+00 3.136965042938025805e-01 -2.072594960272943432e+00
1.679904180868482255e+00 2.452972173022845759e+00 5.690987816879495842e-01
-1.748684450756217146e-01 -1.201997305927217985e+00 3.065466607987236136e-01
1.170339006857146424e+00 1.881947564724648636e+00 4.285104404467475758e-01
-1.073625397967104211e+00 5.813522270513231671e-01 1.403465043212557273e+00
2.065246565165742787e+00 1.038471163454657953e+00 2.292994525987571031e+00
1.291264468268635390e+00 1.992708662153937160e+00 2.949592055356093923e-01
-1.461966327065976845e+00 -6.361869617523832066e-01 1.044580656625545334e+00
-1.407492311497717807e+00 4.037049934595293710e-01 -1.502056292984741415e+00
-1.226442572542042697e+00 6.090403556930679141e-01 -1.648025777589035901e+00
5.583649953595264392e-01 2.451423579293689592e+00 -9.504575176160561245e-01
1.710199393557086722e+00 2.137364555654972964e+00 -1.120204630780163857e-01
-9.409062627363351528e-02 -2.335247132950773796e+00 -1.480421984103775568e+00
4.560734374677313241e-01 -7.244713682274543931e-01 -7.725933049429135613e-01
9.563557874181478624e-01 8.034166635448556359e-01 -9.038967392565004921e-01
-2.342760483234333613e+00 -2.178793559307692362e-01 2.389489334171359225e+00
1.102362862649061137e+00 6.738428020176701061e-01 1.404875836204994677e+00
2.915315915235549227e+00 1.822484509674538344e+00 -3.754799778763093787e-01
-9.597568692260344259e-01 7.957935428318377857e-01 -1.260251318720142066e+00
7.662063444733457906e-02 -3.194204957513334664e-01 -6.513006484696699516e-01
-7.781845691469417847e-01 -2.873356992888174144e-01 7.749367150107500102e-02
-1.137009326396903885e+00 -2.435170403759038926e+00 1.175071717007281080e+00
6.774013423505443887e-01 -6.503444853480020438e-01 -6.695744785279564848e-01
-5.964494412110465937e-01 9.894201440541142700e-01 6.203508254979386294e-01
-1.384171808143907167e+00 -3.333819465122489500e-01 -2.365445992579375822e-01
1.379377299209028074e+00 -1.224132700333351975e+00 -1.710394049751835066e+00
1.793804605023502141e+00 1.758594666104027704e+00 -4.618808689634956721e-02
-3.894874514362145934e+00 1.777293528148829349e+00 -7.684013015866588692e-01
1.673027708878654485e+00 1.315816292851551328e+00 1.568556090061487662e+00
7.450464778146126399e-01 -3.068460473185660398e+00 -8.441405703998405841e-01
-4.419984513446801877e-01 -5.901077081439262129e-01 6.519647789230484936e-01
-7.575347466995543400e-01 9.595537412380075182e-01 6.870540483106792884e-01
-2.847972429716311815e+00 4.191067966420820579e-01 -7.821006576731629467e-01
1.256368422621396697e-01 -3.460502289485822836e-02 -2.025105026776452100e+00
1.739806398597012249e+00 1.347529719037462881e+00 1.544781491146774322e+00
1.174376517344662751e+00 -4.012183854812421124e-01 8.874587584017962216e-01
-1.610500830101985414e+00 1.044508296939774539e+00 -3.762712066629758656e-01
-1.270642867709239177e+00 1.210707885534425987e+00 -1.381988094895404418e-01
-2.324026252009545157e+00 1.962182018458150878e+00 3.996902825774091284e-01
-1.026578173932203297e+00 1.619432588983906740e-01 2.168139019632458364e+00
7.788023995113972919e-01 -2.328929800979856246e+00 -1.777959784918673014e+00
-4.906490643822614128e-01 -4.832037208868402711e-01 6.649461219058594441e-01
-1.098580731776941377e+00 -3.509065281003791448e-01 -2.431897753317429078e-01
1.692014137183046607e-01 1.589119735468623285e+00 -5.469674038214737966e-01
-1.392306488431353628e+00 1.296230615578762180e+00 1.377199149836066727e+00
1.684559997540376219e+00 -1.714554803481019185e+00 1.712794520374645746e+00
2.715593178076042058e+00 1.649506571727012982e+00 -1.629051043961093015e+00
-5.186589386454666384e-01 5.708818968305313657e-01 2.028311843817267146e+00
1.307366898741915584e+00 -1.402626380758014824e+00 1.882942620589812321e+00
1.407135919626981480e+00 9.165794555675086386e-01 -9.146433412637324789e-01
-5.914678953289425056e-01 7.749315686734600250e-01 -5.596736641476542928e-01
-2.352751768233865004e-01 1.018051315057208361e+00 -5.211516698342051335e-01
-1.725899858588914704e+00 -8.872946543984320256e-01 1.555248591943889425e+00
-8.945349309045159680e-01 -1.429757894396515017e-01 1.702103754673995883e+00
1.340808744922194151e+00 -7.574227579797677690e-01 -7.553388272143909399e-01
-4.402301165544975081e-01 -1.669456017144709925e+00 3.893249368107960517e-01
-1.307881380007529071e+00 1.741028371676652808e+00 1.073791228468371717e+00
-9.194529983960454400e-01 -1.059417958284966099e+00 9.840787685813245922e-01
6.051654328076266909e-01 6.906434563396020021e-01 6.882846870978320819e-01
-1.323663953701539331e-01 4.817165946503854101e-02 3.517516132626230529e-02
-1.616076208863315156e+00 1.051106906250665052e+00 -5.463583710542531113e-01
-4.681656082730432100e-01 -2.257625176201372597e+00 8.109948056883921064e-01
5.886078535891343666e-01 -2.860662490286960846e+00 -1.480395988960779841e+00
-1.398275024961085578e+00 2.412034036369448131e+00 7.024033156908887632e-01
3.884125030378249299e-01 -6.327714108202064924e-01 -4.868038102760203767e-01
-2.657797687153434119e+00 -1.892353205392169446e+00 2.586625247533238525e+00
-4.012893833867541282e-01 -1.288791130690869258e+00 -4.978381883365372573e-01
-4.807536965039551635e-01 1.176274990781765339e+00 1.027869483480008839e+00
-9.743382737192013421e-01 -1.233286157184290133e-01 -2.314106066043457144e+00
-5.858040249278049227e-01 -6.868025386395049114e-01 9.638024995555208863e-01
9.628692934423630501e-01 -4.364084598210264954e-01 -2.930613461852371593e-02
-2.395849545456912644e+00 6.213426141333706632e-01 1.930322127788555608e+00
-1.284805471936203203e+00 1.238335274535623975e+00 -1.971088849823061651e-01
4.939868383710277477e-01 -7.880155219079043594e-02 1.466105222964834809e+00
2.248635767080084946e+00 -3.198759179212399495e+00 -3.903806655731581809e+00
1.675275775876102102e+00 -4.722844361765803356e-01 -4.985244810951643402e-01
-9.713146489474311362e-02 3.875936147977673274e-01 6.842802660080159471e-01
1.034549760799337026e+00 -2.038056664544356522e+00 -2.106531773011977471e+00
-7.030345123289645226e-01 8.227578358099298939e-01 2.143744965017558624e+00
1.513732446833202516e+00 2.125637656284373733e-01 2.424329022708355375e+00
-8.965963606200904046e-01 1.115406039283564077e+00 -1.306174669483218143e+00
2.172415853266624453e+00 -3.085583476365194588e+00 1.762096020756853676e-02
2.644351802406291085e+00 2.223569257651547559e-02 -7.475250975934115694e-01
-1.432486517491803779e+00 -1.268340159713818860e+00 1.079329775194263874e+00
9.815060740800249928e-01 5.400310228364195719e-01 -1.800770367106967251e+00
2.906035758407309322e-01 -1.020795539552429965e+00 -2.943102074298704629e+00
-1.391406926091238283e+00 1.062228587569664207e+00 -1.240733434166110261e-01
-6.024150833957961915e-01 2.263026617882210045e-01 1.627049272895308984e-02
6.348699056754549819e-01 -8.385443155829293005e-01 -4.292521153100372633e-01
-3.158968706619225575e+00 -1.717949116969819334e+00 3.287864695247573632e+00
-1.404407109272356902e+00 1.039512463252845853e+00 -7.155539286872794058e-01
1.480336109463191274e+00 1.139651209847977409e+00 1.436914235384724181e+00
1.064889589592947328e+00 3.273811481171311488e-01 -1.371595500217290819e-01
-5.469661131088443540e-01 -1.859710432028807592e+00 8.158545133767231006e-01
-1.901060127742203454e-01 -4.521594945835321067e-01 4.508344364460487030e-01
2.793035823267569384e+00 3.189014593105124806e+00 8.040760521577108300e-01
1.783223374353629431e+00 2.120496381999408708e+00 9.847664522817916044e-01
-1.398109542019186025e+00 1.527084585633990299e+00 2.613836859892886277e-01
-1.401657450778292624e+00 -2.657694879575027702e-01 1.611577151266561092e+00
2.913553712417536357e+00 1.833997322455767520e+00 -5.904790170528628757e-02
3.690501905236431845e-02 -1.509210141955547257e+00 -6.571226496059008326e-01
-7.367782734120182919e-01 4.427514477690471795e-01 -2.079522800009707240e+00
1.969151126655973361e+00 5.357078407126885100e-01 2.565864496857563459e+00
3.812567552786685354e-01 3.594814508741317471e-01 -1.446040617521228810e+00
-7.425074458703307956e-01 1.303062930014110332e+00 -1.427395805817022856e+00
-2.796875066668146559e+00 -1.096313773216640364e+00 2.497496524962086184e+00
-3.852489409104663531e-01 1.063791322670622597e+00 -1.806117758804679951e+00
-3.822239424175962741e-01 -1.044090631518786338e+00 8.055397994998014788e-02
-2.001274250772530738e+00 2.237686241524999176e+00 1.044773755438100915e+00
8.069360493249242428e-01 -1.301847747882834305e+00 5.930845255409700201e-01
1.115683852329273362e+00 2.689985409136710359e+00 -4.276491914557654095e-01
-6.233425537573196173e-01 2.304402938652903021e+00 3.218410531103412797e-01
3.052296831509029307e-01 7.424069097053058730e-01 9.702476241438551252e-02
-2.255227441375686759e-01 6.287572668908758544e-02 1.334352229699527825e+00
1.825657220480395804e+00 1.518834501275763138e+00 -6.348981886481299686e-01
1.472948984891218505e+00 1.305580964089833929e+00 -1.300159108051544443e+00
2.249879074637874954e+00 -9.727575782862889486e-01 -1.168987923439572585e+00
2.072740360829583572e+00 -1.907207498592656814e+00 4.848939130531610964e-01
-2.919219336338407800e-02 3.100921151175373147e-01 5.076717686415901376e-01
-1.383216711141843636e-02 -2.346680516933549399e+00 -1.719063046446538401e+00
-5.159776220830964988e-01 -4.910402990282558555e-01 7.024902915441316731e-01
-4.830520437750784879e-03 1.710393118398657597e-01 -3.072905235667597434e+00
-8.392349989444580771e-01 8.318327417366589982e-01 -1.267658498538931866e+00
3.090124844791208858e-01 -1.238423374017972201e+00 1.689353211947618227e+00
3.890094406748589861e-03 1.435903436594182736e+00 -1.402996702947547636e-01
1.669593485654707443e+00 9.365375576349660447e-01 -9.775729863049954504e-01
-1.158304907549333018e+00 1.745060297476333844e+00 9.398009498736659140e-02
-2.941624578988824901e+00 1.596504817548691779e-01 -9.948456380292149959e-01
-2.318622720991942110e+00 -2.899866556906684600e+00 2.511539204230748723e+00
1.419850217949792714e+00 -5.882723923284899348e-01 -1.141099583796498784e+00
1.417525837401672595e+00 -1.191115552556413659e+00 1.551476088906456052e+00
2.041228502893946306e+00 -2.320114937464899718e+00 1.204377681971139591e+00
-5.461945466180389008e-01 -2.259132307769187609e+00 -2.360250335576838943e+00
1.541234295582601277e+00 -1.564578452360420036e+00 8.592213349222453944e-01
1.767132566130451110e+00 -2.904404817461677446e+00 -3.268516669966428090e+00
-1.872870063462865886e-01 -3.634762383307004185e-01 -3.765002408439966697e+00
1.963153640375861375e+00 -2.992401386700521915e+00 -4.040882144558821665e+00
-2.231982126734052274e-01 5.134445441781124719e-01 9.440030111941125623e-01
-2.935375609159956767e+00 1.311054264281940274e+00 -9.349833426547937698e-02
7.879523369778693720e-01 -6.502559327139390000e-01 -7.989692540648385410e-01
-8.352154134611382563e-01 -9.785182505293643640e-02 1.019771882967646093e+00
1.610592332363486756e+00 -1.055263010532732082e+00 -1.802306932025997011e+00
-9.789336860722778200e-01 1.262416719256355124e+00 -6.406403674342773247e-01
-8.696409014067700838e-01 1.686096896962242297e+00 3.291982502663836074e-01
1.918492431582284885e+00 1.852454163282719390e+00 -5.061964088666388584e-01
7.445610103980508931e-01 1.484828273452183822e+00 5.413020591820150162e-02
5.820976010008317436e-01 1.632829515628154482e+00 -1.333260897234924691e-01
5.445727743011848920e-01 -2.153826673301233896e+00 -1.573301407773474603e+00
1.186659510825885278e+00 -7.001342627762345838e-01 1.878510033201958418e+00
-2.272441485378080550e-01 -1.365713844120741927e+00 -7.084337100069615367e-03
4.196164822984209675e-01 -1.571623279247462701e-01 -4.113434286718532285e+00
1.336474215267263732e+00 -1.698939095780859887e+00 -1.614127788364769778e+00
1.300313355729725950e+00 1.349646994288815405e+00 1.043957239803771531e+00
-2.210034741110481704e+00 2.569762372759724744e+00 6.086235212351225332e-01
3.467099621749691885e-02 -6.352006139753629821e-01 3.641346840838379784e-01
-1.513146317263304175e-01 -2.124569068263478577e+00 -1.815327105313179423e+00
-2.111671495786783925e+00 2.076997263598217458e+00 1.793010712699106612e+00
1.325764286579862894e+00 1.228709308744767359e+00 1.138525148950911170e+00
8.161708202906745591e-01 -4.215523083126817561e-01 6.972809289757588846e-01
-1.324061946453717997e+00 -1.380381211554373211e+00 -2.123145318442498208e+00
1.431323689613593686e+00 -2.530916732389874468e+00 -1.874050551752150184e+00
-2.674931935293774821e+00 2.825428873506623084e+00 1.213518944308894731e+00
1.181401743126679005e+00 -1.489719573233475813e+00 -1.836169320758744394e+00
6.668030388794976560e-01 7.958152835050610330e-01 -1.219827370506834097e+00
-6.452398161792933795e-01 5.636187322845407355e-01 -2.963059440491049301e-01
-2.024130135193768609e+00 1.564206989064025555e+00 6.166657586493049514e-01
1.515133966743380078e+00 -1.007275965542689278e+00 1.707188675302970360e+00
1.410856921815296428e+00 4.345639306307381711e-01 -1.243172786151446996e+00
-6.428469446935998199e-01 -3.686426381214046977e+00 9.449542224991388517e-01
-5.085616844428482164e-01 7.717506472237061210e-01 1.556664425927701156e+00
-1.266504524420935640e+00 -7.428564373933300713e-01 -1.040988275450752676e+00
2.089307424340482999e-01 -2.035867333634057141e-01 -7.176626891549409137e-03
-6.594556473790461615e-01 6.738007098062631650e-01 -1.946803276209410960e+00
-7.782181158061305393e-01 -2.146284013053699091e+00 -2.401105581005768652e+00
4.961699691125447398e-01 -9.087968116225128012e-01 8.144413143125738275e-01
2.776313170283108978e-01 -1.773449654924943220e+00 1.048487657688182306e+00
-9.034198706073632845e-01 8.804998435226834008e-01 -1.327144252355458187e+00
1.371580603333519610e+00 -1.456379634847702054e-01 2.516015783591782018e+00
-6.463761198095165916e-01 1.279942221419985815e+00 -1.018859195967256381e+00
1.146091139029004058e+00 -1.931002485400997060e+00 2.627994553823963519e-01
-2.260853474712775757e+00 2.015516489594345817e+00 1.941619524018851628e+00
1.019101658979774783e+00 9.907207152773764847e-01 1.081458819381553749e+00
-2.513900621375699362e+00 1.217221086889154869e+00 -2.157623604879221890e-02
1.637055579260145999e-01 7.834236931058085052e-01 1.104150978037949926e-01
2.148367537813017591e+00 -2.261542156854658536e+00 1.583535249186414084e+00
-1.430789834350129963e+00 8.127444435312491944e-01 2.336035813781421666e+00
-2.766878047130264529e-01 3.422458496713820519e-01 -2.489966915479046250e+00
-3.020364419837915371e-01 3.219021953202783060e-01 8.757704072826855146e-02
-3.232649245792806880e+00 -2.830512916636554355e+00 3.298228632476647437e+00
2.058308800700480834e+00 -1.072058165729647294e+00 2.015246035657443535e+00
6.397412890367661920e-01 -4.557425409242022774e+00 -4.097592210508004484e+00
-1.241983588501180069e+00 2.041773767752973257e+00 3.280048727550763932e-01
4.739101248778010422e-02 1.064743055405136696e+00 -2.391884441195972766e+00
-1.141115770337799873e+00 -3.492002558841622584e-01 1.079201926681452317e+00
-8.126567772482730101e-01 1.120482303858134854e+00 -8.790512094587127345e-01
-6.681036958833930228e-03 -1.163249343156473881e-01 -1.243877485051998022e+00
-9.694944588272809138e-01 1.109726433300431969e+00 -8.911194788178830040e-01
2.523092097125333222e+00 1.883770675297575581e+00 -3.373803663989638491e-01
-2.940271441646944428e-01 7.151513378824498890e-01 -1.893412232036095544e+00
-6.433144772234022923e-02 -5.468587232459065639e-01 -1.320016806947338139e+00
6.494999104313466942e-01 -2.170917908679313779e+00 -1.528127241311274087e+00
5.839973703741776490e-01 -1.884889990415478334e+00 -2.021100781434164162e+00
-2.163589828548289073e+00 -5.394501229708921208e-01 2.041634469210263703e+00
-1.681403142451550314e+00 -8.517148243795378271e-01 -3.537589673943822843e-01
1.968562645638808561e+00 1.087658257613517421e+00 2.194225121958513380e+00
2.089220493973806825e+00 -1.152316241282235643e+00 -1.166636744233278788e+00
-2.144271269003017011e+00 -6.164947301168293148e-01 -2.047009465095544378e+00
1.176726277297360568e+00 -6.534220288396386245e-01 -1.076692316052758613e-01
1.208511878984954935e+00 -1.323055325178424280e+00 -3.389188404155492051e-01
3.546487855600701788e-01 6.540036504407953366e-01 5.957094142313327234e-01
1.992356397505262500e+00 2.139958761148032185e+00 -4.382111762829974388e-01
1.353590072935057620e+00 1.093702825119866828e+00 -2.099785957159594485e-01
5.611766372439245254e-01 -9.004772489920703782e-01 -7.646588839318079200e-01
2.855361000305585151e-01 -2.815009463918946020e-01 2.685855950942410697e-01
5.080778927641649290e-01 -8.525720902378064459e-02 1.524839892014390852e+00
-4.499081334603667326e-01 8.381100548930768834e-01 5.865780891699878818e-01
8.525648962103995476e-01 -7.122269389985897980e-01 1.273700327609213589e+00
1.452473394983302635e+00 -1.876981991778503556e+00 2.516420741651911541e+00
-1.822360004183780191e+00 1.774715849640484677e+00 7.214654286061772392e-01
-4.418939035492884804e-01 -1.191105761500673932e+00 8.838701120158110047e-01
1.622521489334644018e-01 -2.174914153446900755e-01 1.389880179714695130e+00
-7.790181345539006763e-01 -4.217783340953966675e-01 6.134357583382721302e-01
1.587594221046904064e+00 -1.387288118430202388e+00 -2.095677916124904172e+00
-1.789476019708663657e+00 2.007467113194720376e+00 5.998825035507135972e-01
-2.195942526678278384e+00 -1.301611907156727810e-01 -1.204113876770782632e+00
-2.223369632534809348e+00 1.915707365862213241e+00 1.826231376687330599e+00
-4.352703305413192503e-01 -1.373221433606749642e+00 -6.469461875953981256e-01
2.197501760091232548e+00 -2.064415562541880966e+00 -1.683319466111666163e+00
-1.788183872177242506e+00 -7.461470598961708056e-01 -9.976805267689117240e-01
-1.275292495207070553e+00 -5.127432049321682950e-01 -4.989338889574421732e-01
-1.103644774141651963e+00 -4.611686640743748455e-01 6.862601232189766698e-01
-7.550866656054602277e-01 -1.789610959955793668e+00 -1.026456240849309198e+00
-1.440566581876448593e+00 -1.002188607451977020e+00 1.017177368789573766e+00
-2.620214679084237552e+00 5.945770951852767938e-01 2.251533350425951152e+00
1.122457776168765742e+00 4.425190102254581426e-01 -1.063307283227212796e+00
-3.081660646943011894e-01 -2.098112651316410115e+00 -1.268281866336228303e+00
1.539741643145400296e+00 -1.533973060455846582e+00 -1.538163651102136820e+00
-1.160158463563086384e+00 -9.199227027569909509e-01 -4.253287308998892069e-01
-1.751979650551029888e-01 -1.115724750049864156e+00 3.762600679623763211e-01
-9.916218907676718208e-01 2.304240452351331570e-01 1.114544976236904184e+00
8.197535203783585800e-01 1.059589072802624266e+00 1.573252506575407050e+00
7.910283937236435303e-01 -1.021101709568003724e+00 2.413733631055652751e+00
9.006908354104470327e-01 1.705284680914741502e-01 -7.649076320596692735e-01
-1.394485963166098852e+00 -1.389429624721338463e+00 9.547003048352467047e-01
1.680038718712211665e+00 -1.676461872650667040e+00 -2.010626066705160753e+00
-1.139093629695421495e+00 1.110366718610156234e+00 5.338617820514899304e-01
1.228817615897187077e+00 1.195004821762557512e+00 -5.352466454659909889e-01
-9.586237559216661541e-01 -2.508610472133334657e-01 9.596566178755392418e-01
3.130969195266837257e-01 -6.425187541062926666e-01 1.223120553751659845e+00
-1.234019993726493736e+00 1.133792420981921234e+00 1.044483449086222926e+00
1.338544066950565270e+00 -3.013271310955943694e+00 -3.252087517932510607e+00
1.272774016654087070e+00 -1.726097278915338151e+00 1.657840427645942194e+00
-1.160651700549399479e+00 1.544319080811246803e+00 -1.436424769920747746e-01
3.655449187350032769e-01 -8.524801915749540271e-01 -4.553493173093576374e+00
-3.508261319295613578e-01 -4.836276912067338785e-02 -1.895156376836945933e+00
-6.844669826028284554e-01 8.936765465704025191e-01 1.492033507538708559e+00
8.301122852253690620e-01 -7.138613016645635190e-01 -6.753543114235154299e-01
3.941918005338290731e-01 1.147737737298296645e+00 -9.460825737575153660e-01
9.332877646716959408e-01 1.181324115606914305e+00 -7.179507061939063295e-01
1.942585540552631107e+00 -1.358628694771124579e-02 -5.712035067436033176e-01
1.715939293986301628e+00 1.407431765908932597e+00 -7.540188919174997118e-01
6.171083759895658050e-01 4.954645421107817249e-02 8.346979763079298564e-03
-1.313310582145343020e+00 1.434963627026603517e+00 7.302714929793463483e-02
8.519060788584806865e-01 -1.955157346823872544e+00 -1.964153444931141301e+00
2.463740063179808981e-01 -2.187765587463974981e+00 2.321523358615621424e-01
-7.062762986258048770e-01 1.402892018318889766e-01 1.669540355805271492e+00
1.492427776744658097e+00 8.215943469617970063e-01 -1.584925819221076893e+00
3.385962052533552091e-01 -3.820466010092882225e-01 6.603824588010673846e-01
2.949033349599925913e+00 1.047237524772792527e+00 3.331146267844143694e+00
6.707202392592399587e-01 1.933177559272620805e-01 1.320964552530302205e+00
1.365590561539458347e+00 -9.789553270299398147e-01 2.807425425236926841e+00
6.832059088504327526e-02 -3.528074599348807183e-01 -3.464969389660365051e-01
2.933089125024467059e+00 1.474977008218565810e+00 -1.376517277823305241e+00
2.881137184005693186e-01 -7.409364924499765026e-01 -1.310646227019530707e-01
1.204425143754726424e+00 -8.171855406831840529e-01 -8.478417146353280920e-01
9.274301762330628973e-01 2.570981704171764193e-01 1.727417309039121607e+00
2.574828120812164833e-01 -1.662765298652225887e+00 -1.792344288992968604e-01
-1.439824620852068193e+00 -2.441335281919764011e+00 1.951156005003489735e+00
1.006654434443708279e+00 -5.860288449068065120e-01 1.387747769229155770e+00
1.398884645698109441e+00 9.281179343611689614e-01 -1.514679793305889755e+00
2.360956663332927974e+00 2.340125777174256072e+00 -2.176866182088159629e-01
4.726723583311868149e-01 -6.304991709035516756e-01 -1.010011291106049924e-02
-1.344836766939142114e+00 1.292381892403077215e+00 -2.559311546459924758e-01
-3.633851344107363879e-01 3.854880725761092863e-01 9.801361970272185475e-01
2.126972117124695139e+00 7.048591428005198667e-01 2.450184062701727505e+00
-8.086639961689341405e-01 3.191834231779218101e-01 1.515257713757384828e+00
2.072358750712948616e+00 1.451002569719937574e+00 -1.270684006953707090e+00
-1.619437614949625237e+00 1.528534594390657197e+00 2.771402461594614230e-01
-1.303446171215336236e+00 -3.316532981736775021e-01 -3.496256822176060375e-01
1.237614815212937813e+00 -7.300646729489370657e-01 1.850284820148695442e+00
-1.945462943854434856e+00 -1.950555055822624784e-01 -1.887697768674829524e+00
-1.347863961446042147e+00 -6.181401604722840393e-01 3.460420202229386177e-02
-2.853771170862917650e-02 1.692337570031812843e+00 -8.735165735839203194e-01
1.776902572398578073e+00 1.670577765983840779e+00 -4.153399248102874752e-01
8.087225525147524463e-01 -8.860966418581115445e-01 5.211761778324857097e-01
6.456319342859995203e-01 -1.505757706688100495e+00 2.095156354788856756e+00
-6.788733445332506555e-01 -1.835241100816335624e+00 1.014657445970431837e+00
-5.918157073382013245e-02 8.276209783063341874e-01 -5.577464196697002885e-01
2.622124110600839053e+00 7.453643809941654652e-01 3.427999934535360005e+00
-6.443939910445888319e-01 1.836811482679587826e-01 2.451100964965530205e-01
1.591117722155556802e+00 1.307741573919381839e+00 1.380136741028227920e+00
-2.624904767269852446e+00 -2.262364535114778086e+00 2.301993520353223133e+00
1.004666706616233807e+00 1.774862569398116818e-02 -1.662773159461647943e+00
-3.335306318261606506e+00 -1.594095317506048604e+00 2.809268208488171048e+00
-1.039466734051894381e+00 1.487331104128823522e+00 8.704071061924579800e-01
1.297453720415870482e+00 -1.415552933372140165e+00 1.194743965102344818e+00
-1.268603854885089977e+00 8.001100378346571729e-01 -1.423735233335534645e+00
-4.008957051392795234e-01 -1.739907636688098336e+00 -1.008366591724796146e+00
5.601335939195586366e-01 -9.552884006532713634e-02 1.750432571028793571e+00
-4.944836072067618771e-01 -1.194249310273685971e+00 -2.592693771025724736e-01
7.967978219036626619e-01 -8.908461372740354989e-01 1.410497220519032702e+00
-1.414977037211715860e+00 -1.576893230672076207e-01 2.934420895844990440e+00
-1.250872582201374206e+00 1.067087082668374931e+00 -2.441543604901373898e-01
1.815393737786103134e+00 1.957108324749555983e+00 8.705910826278469017e-01
8.090590720984365269e-01 1.375165764726111961e+00 4.027076464650739540e-01
4.985386122379323881e-01 2.113018197911467944e+00 -6.669824383639118004e-01
7.136377553174795274e-01 -4.693194104337314876e-01 -3.782475496829609263e-01
-1.297072676498133736e+00 6.092602964326964132e-01 -1.299682785234808291e+00
-1.169689654704171522e+00 1.772472025063241308e+00 7.307406427089249146e-01
2.504634449693703857e+00 2.593966714313315158e+00 1.247211649796044597e+00
4.936296768566972304e-02 -1.083467079936172084e+00 -6.024686266704198934e-01
3.272092413578254533e+00 2.234951538986851283e+00 2.582098241393646632e-01
-1.489718931909828514e+00 -9.751582498603952320e-01 -1.420443718864458305e+00
-1.636600989484411794e+00 -1.052571066295309832e+00 1.468103063280937315e+00
1.238017096732392242e-01 -6.893045121229388617e-01 8.588387586604988577e-01
1.794974066692343051e+00 -1.710019304117018191e+00 9.253053122582944878e-01
-1.937265817134769197e+00 1.944829421565010819e+00 5.329708538037738474e-01
-5.134740576607037532e-01 1.218819684118327640e+00 -9.206615795306178907e-01
1.432259216632655541e+00 2.457883376818077448e-01 -1.634563272803748912e+00
1.948638884810910188e+00 3.194166482325666578e-02 -7.684160056619016022e-01
-9.342808656935093214e-01 -1.241546408201696705e+00 -1.504360104573570167e+00
7.134258415974928935e-01 4.813322696764350539e-01 1.758231986510501166e-01
2.610460532325637129e+00 9.680744690630368465e-01 2.854450178752404366e+00
2.476856324702244372e+00 -3.065911071143669453e+00 2.702538757773959688e+00
-1.098852510695530693e+00 1.263648003602293457e-01 9.596718328836779666e-01
7.484532725225091498e-01 -4.372136973373998980e-01 1.287434616242901342e+00
-7.165274032791035808e-02 5.319920074024859780e-01 3.777721232855264510e-01
-9.738423109143339307e-01 1.564339688222290414e+00 9.696469722602578667e-01
1.222438861416867528e+00 6.209847092752314168e-01 1.646591338589240783e+00
1.518467190898945773e+00 -1.221104957732369156e+00 1.750889717318847572e+00
5.327802619481074586e-01 -1.199900513432237137e-01 9.781730600385669661e-01
8.597599751234413779e-01 -5.844653245769204641e-01 8.744287233050506147e-01
-1.096992681775648792e+00 -5.874321542084632863e-01 4.124485379678126673e-01
-1.050380682417379141e+00 -1.641652751916748754e+00 -1.607018969257651531e+00
1.350293002510208229e+00 9.098750538330798721e-01 -1.128944979181783825e+00
-9.591502771837815411e-01 8.744594131689560346e-01 -1.246527187459742558e+00
-8.177877599170038092e-01 -5.189658605831461990e-01 8.330330802030507797e-01
1.129464374934088244e+00 -9.100436220445460300e-01 -1.005139268483446369e+00
9.555375200713360773e-01 1.306228521792148323e+00 -5.221525359184148174e-01
1.128660551733648099e+00 1.849404949602451387e+00 3.468769605766680586e-01
-7.424917804216071282e-01 -3.433716742363103425e+00 -3.680976375254922495e+00
2.564286624982322849e+00 -1.748196244092645069e+00 -2.293416933581589490e+00
-9.736885291576384827e-01 8.631221801068139632e-01 1.103017212213849518e+00
9.772012227388616745e-01 -1.637761952566521018e+00 1.518059883943333688e+00
6.422349823777027122e-01 -6.613674089040482151e-01 -8.520403148089341627e-01
5.074333781682727196e-01 1.463746543424690572e+00 -6.430278692226052417e-01
-2.615046272664476312e-01 4.796331153331783170e-01 -2.095272030982844758e+00
1.254799295861666941e+00 -1.337814367098493218e+00 1.914624774830416598e+00
-1.858495575795710231e+00 -4.269732220576945014e-01 -9.225303737224077594e-02
-1.576787881244318790e+00 1.515133213389087130e+00 2.769951198369065004e-01
-3.206368893036370959e+00 8.712636816839731679e-01 -1.225012713579386237e+00
1.643551966172114298e+00 -1.651221266919203678e+00 -1.685645280140005475e+00
-1.027558494138485434e+00 6.951292973749616522e-01 -9.564954511756099675e-01
1.450403890894257586e+00 -9.069392544548846580e-01 7.856844672099798643e-01
-1.631328038673884873e+00 -1.151692125239123676e+00 -2.102939771370562205e+00
7.646498760452509202e-01 -3.129162355413188212e+00 -1.765292638706780437e+00
-2.061773133027483773e+00 1.742637835417955250e+00 1.310202690002684633e+00
7.447616757151325206e-01 -1.251780479448818095e+00 -1.226392645166092699e+00
1.201445962338734130e+00 1.876664693947456941e+00 3.102233336656112783e-01
-9.296128666345857550e-01 -1.268505998527071243e+00 -1.236460902741012724e+00
-6.894655955347325227e-01 -1.335886681682791899e-01 -2.840490300942692059e+00
9.451683667626192831e-01 -1.745650598854225688e+00 1.153242081347918280e-01
3.123855819725848137e-01 -1.441406044034847289e+00 -1.502726492504717015e+00
3.492532363424969422e-01 -1.036533051013670548e+00 1.518658215615337648e+00
1.876528481824409678e+00 2.304841841397724522e+00 9.230884042207752049e-01
-5.516385313920555422e-01 4.150966400237314780e-01 -2.284874286592264880e+00
8.044660074508075409e-01 -1.893204929498908395e+00 1.594665393820276389e+00
-1.158809020712963322e+00 1.795656922371978936e+00 7.489258369533088322e-01
7.968525179596628316e-01 -9.084124565198558043e-01 1.465984772653724288e+00
-2.301769119590380441e+00 -3.095698535939672702e-02 1.830818408387805851e+00
8.877879400627782802e-01 -1.865398186415697879e+00 1.306267722910939622e+00
9.425120325949791766e-01 1.136811737054692184e+00 -1.007251812921984513e+00
-3.211092937567465722e-01 -1.984949863841425799e+00 -1.349537446820920472e+00
1.074254353443984122e+00 -2.288234225820062306e+00 -2.264384069175269687e+00
1.627272848082244039e+00 -6.292437699837977183e-01 -1.523332391336752245e+00
-2.115291337904763314e+00 2.893990769902961446e+00 -7.596913776185543199e-03
-3.174565254939953896e-02 -1.551349298750100303e+00 -1.564411400667228946e+00
2.648427170909235073e+00 2.903212520526287754e+00 6.017010688954511632e-01
1.111347081870472930e-01 -1.753648545489334021e+00 -4.494994532424596567e-01
1.153607598148320923e+00 -1.904778395571637972e-02 5.608353734685223024e-02
-5.198836822467844954e-02 -4.647927689063490186e-01 4.015188030263808772e-01
-3.837493203676808351e-01 1.766651613621800232e-01 -2.584204247415251565e+00
-9.636673160858868492e-01 -6.448129065426395634e-01 -1.850808630821386025e+00
-2.431618988379975033e+00 6.843329916990399386e-01 -1.388201084233368299e+00
2.217706881014321674e+00 2.529977427826923808e+00 8.775946678773031140e-01
7.214776354999659080e-01 -1.849797011992221130e+00 -1.862183907852795750e+00
-1.631663700650711757e+00 1.139748576719838979e-01 -4.061524039634156757e-01
-2.035021909444272303e+00 -1.752406810880631438e+00 1.338275732321503320e+00
7.045028658550220868e-01 1.478847559147371094e+00 3.305507453932508000e-01
5.406744930609521660e-01 1.844820131511616834e+00 3.052084507714971640e-01
-3.415230671598719070e-01 -1.058945262532173803e+00 6.250718505815918702e-01
-1.005659601215441734e+00 1.330471754716205712e+00 -8.202037381980622488e-01
-2.511906729266174532e-01 1.643568250606544989e+00 -3.512673715926217799e-01
1.190145351383773198e+00 3.821903038163989574e-01 5.404871152987589245e-01
-1.347181658957156358e+00 1.795615354755177195e+00 6.486175021363806970e-01
-8.857721670046259099e-02 8.025766992972171998e-02 -1.969624348721110918e+00
-5.598652816844688074e-01 5.149095638420122523e-01 -2.299799324102297149e+00
1.529280145173602667e-01 1.568071690297769827e+00 -4.673280794633765112e-01
-1.886840093599980284e+00 2.016397464223958380e+00 2.804316025170049409e-01
9.476683298911203757e-02 -2.350351297306760401e+00 3.764542909621094724e-01
-1.188948244709458590e+00 9.635432797592583531e-01 1.626447866584065149e+00
-1.187588828905718819e+00 -1.835103029502538341e+00 9.353351574690708103e-01
-1.584715007667563125e+00 -6.661136202414793539e-01 -4.088448330474518944e-01
-1.615169840226015952e+00 1.987267286647528719e+00 -2.155084152971649125e-01
-9.348740680499890709e-01 1.329411069984601790e+00 -7.944651352909177788e-01
-1.747583609748882161e+00 -1.217769777625117067e+00 -1.392308853631653687e+00
-4.747885809409447821e-01 6.778395440700302199e-01 -2.301215661175686655e+00
3.884055946286297800e-01 -2.999336087247804983e+00 -2.429240703308086502e+00
-3.109307248732717799e+00 3.144786162321312251e+00 7.206350566087437182e-01
-9.470547535464606259e-01 -1.025197700313419613e+00 -8.334158787775346466e-01
4.248847443205487906e-01 1.518633317257953808e+00 -1.420131518013710181e+00
1.458788177399859221e+00 2.953750100971401338e+00 -1.540384228611477724e-01
-1.372615330851063575e+00 1.243395682898946752e-01 7.082985358964222211e-01
7.034865334217458299e-01 8.682487075687161937e-01 7.579608745563051198e-01
2.611943083955459155e-02 -4.840592999030346455e-01 -2.113870762796071112e+00
-2.411818604846734715e+00 -2.623577002121561641e+00 2.759771520637737563e+00
-5.552730221847820280e-01 -4.528094449929446208e-01 4.371598195737730341e-01
-1.571644880370530739e+00 3.954769899306784797e-01 1.873868937165109383e+00
3.391742796982701869e-01 -4.242480730853940285e-01 4.843089916366801750e-01
1.780721658871884383e-01 -2.227074310863441653e-02 -1.728769958478248325e+00
1.139265623242672110e+00 -1.113615026281182807e+00 1.223518381502748165e+00
-1.210897012214261714e+00 1.925159662964014196e+00 1.175292747346632805e+00
2.217354470300033853e+00 -2.340132890384444053e+00 2.258230548912703917e+00
-2.316138372209052054e+00 1.874554410213601585e+00 9.740303289106491125e-01
2.300145893194950331e-01 -4.882079364805669286e-01 1.611591568862336565e+00
2.579082140404366896e+00 6.499839822672059952e-01 3.008605525690421612e+00
1.440688978783414509e+00 -1.812298306124517033e+00 -1.992735324274203634e+00
-3.680048954907162440e-01 3.650644341712464547e-01 7.405346668610715000e-01
-1.753730722254696506e+00 -3.063671411467104866e-01 3.973692260914263308e-02
5.183002436240898847e-01 8.439279373455340627e-01 -1.282107530134524831e+00
2.097350013189506868e+00 7.697413132851773643e-01 -1.080680520207866202e+00
2.219574737318900759e+00 2.371918538016008604e+00 1.729370804732253131e-01
1.755548480798941213e+00 2.445128468075329353e-01 2.753986345079087794e+00
2.124319397601197146e+00 -2.794086673212975214e+00 2.673742612231186921e+00
2.608552016659900774e-01 3.420224097434074739e-01 3.443224651197059893e-01
1.365218098522664514e+00 1.302334646327416134e+00 9.948426424414954505e-01
-4.253755111912737030e-01 -3.926793111620798804e-01 6.059885269189950741e-01
-2.564744263168536875e+00 1.922990668187053886e+00 4.644794921325254844e-01
-8.701035795792375627e-01 1.368453624257417456e+00 -9.139471373774719076e-01
1.065840459834781484e-01 2.003405143589054305e-01 1.165274063666182913e+00
2.249387256922676492e+00 -1.606259352667073204e+00 1.110246326427267061e+00
-8.606261961669440241e-01 1.482429131800438338e+00 1.331690423582614358e-01
-3.362902035855092064e-01 -1.001696214774111304e+00 2.282341862271581423e+00
6.457678506475592606e-01 -9.323203276301201825e-01 -4.442031756156986644e-01
-1.296845665924327484e+00 2.304887475165187993e+00 2.359331163147132537e-01
-1.913456942901379243e+00 -8.192148071537301846e-01 1.751711830021952521e+00
2.712381361727730367e-01 -8.959869653497030129e-01 4.945534195467595762e-01
6.221820521250012170e-01 -2.607305974156226558e-01 1.526061393110231812e+00
-1.526315109212526000e+00 1.476533085161343628e+00 6.416431029944158482e-02
-2.423763117694801572e-01 -4.540095650080515632e-01 -2.176164419103189474e+00
-2.521765775366738183e+00 -1.826864486764713025e+00 2.453956171293487643e+00
1.298491365509846451e+00 -4.284350193023455100e-01 1.463888550305482816e+00
2.741766655882823756e+00 2.104725431092842491e+00 1.682547231462702797e+00
-1.495633116005880003e+00 2.199330640737024112e+00 7.022891166055049705e-01
1.519159217607735091e-01 -2.196621357302117605e-01 -2.022575240829523224e+00
3.272628578213757633e-01 7.563215906297660052e-01 -1.397088890540697736e+00
8.192988574833697246e-01 4.989150601637648563e-02 -1.177192115640697256e-01
5.067399264527490121e-01 7.656520262002310950e-01 7.536182617329789668e-01
-1.826927639873033860e-01 6.144146111054457071e-01 -2.589554040598719631e+00
-9.967737568849995844e-01 8.429947763217534584e-01 -1.117803555122373949e+00
1.629102468761114864e+00 7.580158893462713987e-01 -7.999814841540693333e-01
8.763541202482734160e-01 4.114099834714880499e-01 8.773674425444956126e-01
9.154690805515331986e-01 -1.321003106780561875e+00 -1.170832482941110086e+00
8.973145111182175837e-01 1.285274382069768961e+00 -1.821551382892428128e+00
-2.436906312773435168e+00 5.771268651956378282e-01 -1.100813137776158745e-01
3.280610988241277060e+00 1.724734401153965813e+00 2.958406613948771025e+00
-6.362970949650887942e-01 5.750612359117749373e-01 -1.354656871517379235e+00
-6.479079448268678654e-01 -1.559669857397514292e-01 -1.412567289396034820e+00
2.031161412362385121e+00 -2.653575466347045442e+00 1.907101086020654090e+00
-8.646262258608605755e-01 9.377671849353597100e-01 -1.434213633247026998e+00
-1.368109165329942645e-01 -3.586728220996393546e-01 1.717046939177293563e-01
2.646143562885586498e+00 2.034255921560040647e+00 -4.509907649186689627e-01
6.980278911228321448e-02 -8.355219493488997839e-01 1.731065012176564721e-01
8.643208720902755271e-01 2.018173956841895489e-02 2.015307027844463583e+00
